
power = 2771.90452249757
throughput = 9727.92
composite = 5192.77049776846
